ReferenceError: getlist is not defined + 2025-04-18 20:57:38 
ReferenceError: getlist is not defined + 2025-04-18 20:57:47 
ReferenceError: getlist is not defined + 2025-04-18 20:58:01 
ReferenceError: getlist is not defined + 2025-04-18 20:58:33 
ReferenceError: getlist is not defined + 2025-04-18 20:58:37 
ReferenceError: getone is not defined + 2025-04-18 20:58:40 
ReferenceError: getone is not defined + 2025-04-18 20:58:42 
ReferenceError: getone is not defined + 2025-04-18 20:58:44 
ReferenceError: create is not defined + 2025-04-18 20:58:45 
ReferenceError: update is not defined + 2025-04-18 20:58:47 
ReferenceError: update is not defined + 2025-04-18 20:58:50 
ReferenceError: remove is not defined + 2025-04-18 20:58:51 
ReferenceError: va is not defined + 2025-04-18 20:59:02 
